7.6686
9.5639
-1
7.7551
8.3830
7.7111
-1
9.3581
6.5239
10.1318
8.0638
10.1703
5.3457
6.4237
4.3382
6.5161
-1
8.0211
6.7331
5.4610
7.6768
5.7832
5.8605
7.8038
-1
5.3110
5.8072
7.7196
8.7902
8.5475
-1
-1
5.4987
8.3859
-1
7.1888
5.8103
8.4490
5.2183
8.2168
7.7136
8.0166
10.0312
6.2805
5.6542
7.2155
7.0573
9.1984
-1
7.9190
7.6491
4.3459
7.9503
-1
7.4099
8.2563
7.2417
7.5908
6.6079
8.3677
-1
7.3854
6.4249
8.0073
-1
7.6399
7.2728
7.1378
8.0245
7.5922
-1
7.0279
5.7182
7.4100
8.9016
7.8994
7.9875
-1
8.4943
9.1290
8.9993
6.9050
-1
9.3016
7.6822
6.9184
7.2395
-1
6.5187
5.8807
6.0355
6.9353
7.5428
4.3416
-1
6.7011
7.9887
8.3152
7.7188
5.0572